1 0  0
2 10589  9789
3 10539  9880
4 10755  9973
5 10855  10038
6 10803  10139
7 11024  10222
8 11110  10302
9 10672  10389
10 11272  10466
11 11342  10544
12 11416  10617
13 11500  10691
14 11564  10775
15 11641  10844
16 11579  10919
17 11779  10986
18 11840  11045
19 11914  11116
20 11859  11168
21 12032  11238
22 12096  11299
23 12154  11348
24 12204  11425
25 8658  11459
26 12318  11506
27 12352  11561
28 12402  11600
29 12440  11647
30 12486  11672
31 12388  11731
32 12571  11756
33 12592  11792
34 12639  11833
35 12668  11857
36 12685  11887
37 12713  11911
38 12749  11932
39 12753  11958
40 12786  11970
41 12785  11983
42 12821  12001
43 12818  12000
44 12836  12020
45 12848  12023
46 12834  12024
47 12849  12023
48 12835  12014
49 12833  12022
50 12838  11995
51 12806  11994
52 12310  11978
53 12786  11958
54 12797  11952
55 12763  11910
56 12731  11896
57 12732  11868
58 12696  11837
59 12658  11814
60 12644  11781
61 12594  11744
62 12577  11703
63 12525  11668
64 12489  11626
65 12330  11578
66 12394  11536
67 12363  11485
68 8216  11429
69 12263  11383
70 12084  11326
71 12145  11266
72 12097  11205
73 12033  11143
74 11983  11094
75 11787  11011
76 11842  10950
77 11294  10882
78 11582  10801
79 11641  10736
80 11579  10645
81 11496  10579
82 11436  10502
83 11336  10414
84 10240  10344
85 11058  10260
86 11089  10181
87 11027  10087
88 10806  10007
89 10848  9921
90 10248  9828
91 10538  9744
92 10577  9650
93 10480  9554
94 10407  9461
95 8260  9370
96 10214  9272
97 10114  9180
98 10024  9081
99 9795  8996
100 9825  8894
101 9224  8799
102 9506  8698
103 9551  8596
104 9435  8503
105 9356  8389
106 8729  8309
107 9025  8208
108 9059  8113
109 8972  8017
110 8738  7920
111 8260  7820
112 8539  7710
113 8571  7607
114 8472  7512
115 8231  7407
116 64  7309
117 8178  7206
118 8069  7106
119 7971  7006
120 7762  6908
121 7784  6817
122 7169  6716
123 7457  6615
124 7490  6525
125 7410  6424
126 7186  6341
127 6706  6248
128 7138  6155
129 7047  6065
130 6951  5975
131 6869  5897
132 6660  5810
133 6204  5731
134 6617  5652
135 6429  5563
136 6478  5500
137 6399  5404
138 6308  5348
139 6240  5266
140 4128  5192
141 6112  5134
142 6034  5057
143 5983  4994
144 5911  4933
145 5842  4873
146 5779  4816
147 5728  4743
148 5154  4695
149 5602  4643
150 5562  4582
151 5386  4543
152 5465  4487
153 5420  4451
154 5369  4395
155 5339  4351
156 5281  4326
157 5249  4282
158 5226  4254
159 5184  4217
160 5159  4193
161 4100  4168
162 5110  4127
163 5086  4127
164 5043  4101
165 5041  4081
166 5039  4078
167 4994  4053
168 4879  4047
169 4976  4030
170 4864  4031
171 4977  4039
172 4981  4027
173 4979  4039
174 4869  4045
175 4981  4051
176 4995  4072
177 5018  4071
178 5034  4100
179 5024  4110
180 5062  4121
181 5083  4159
182 4587  4184
183 5122  4213
184 5155  4236
185 5184  4266
186 5220  4313
187 5234  4331
188 5296  4385
189 5330  4420
190 5362  4470
191 5410  4518
192 5466  4554
193 5506  4617
194 5552  4664
195 5473  4723
196 5682  4776
197 5718  4838
198 5763  4900
199 5713  4967
200 5911  5024
201 5953  5097
202 6035  5157
203 4447  5245
204 6161  5301
205 6242  5368
206 6316  5455
207 6260  5524
208 6470  5612
209 6528  5690
210 6629  5775
211 6707  5860
212 6784  5937
213 6867  6034
214 6961  6105
215 7050  6210
216 6491  6301
217 7216  6381
218 7312  6477
219 7280  6571
220 7490  6667
221 7590  6764
222 7686  6866
223 7783  6966
224 7743  7073
225 7972  7155
226 8070  7266
227 1383  7365
228 8256  7461
229 8242  7565
230 8472  7656
231 8546  7770
232 8544  7866
233 8752  7968
234 8866  8060
235 8824  8158
236 9041  8258
237 8641  8347
238 9244  8447
239 9337  8551
240 9298  8647
241 9543  8750
242 9619  8846
243 9741  8946
244 9833  9038
245 9801  9132
246 10017  9232
247 10119  9326
248 8534  9424
249 10309  9517
250 10391  9607
251 10355  9705
252 10605  9784
253 10656  9884
254 10768  9970
255 10848  10046
256 10822  10139
257 11018  10223
258 11098  10303
259 11198  10390
260 10622  10469
261 11342  10547
262 11422  10616
263 11355  10700
264 11569  10775
265 11632  10847
266 11717  10920
267 11777  10991
268 11843  11056
269 11920  11120
270 11974  11179
271 12038  11241
272 12082  11300
273 12150  11357
274 12208  11418
275 9562  11458
276 12312  11506
277 12362  11556
278 12386  11606
279 12448  11648
280 12487  11682
281 12532  11730
282 12566  11765
283 12594  11797
284 12642  11828
285 12658  11860
286 12700  11891
287 12718  11910
288 12732  11935
289 12780  11953
290 12782  11971
291 12662  11982
292 12816  11999
293 12830  12010
294 12840  12019
295 12840  12015
296 12856  12029
297 12849  12022
298 12833  12023
299 12855  12016
300 12823  11988
301 12828  11989
302 12298  11976
303 12796  11960
304 12798  11939
305 12756  11916
306 12736  11893
307 12730  11864
308 12556  11847
309 12662  11815
310 12638  11782
311 12593  11752
312 12579  11700
313 12522  11672
314 12510  11623
315 12312  11579
316 12412  11532
317 12353  11487
318 8215  11434
319 12268  11381
320 12070  11326
321 12148  11267
322 12098  11210
323 12036  11148
324 11990  11090
325 11781  11011
326 11843  10951
327 11285  10878
328 11582  10809
329 11644  10734
330 11564  10649
331 11500  10578
332 11294  10503
333 11328  10431
334 10263  10338
335 11043  10262
336 11107  10181
337 11024  10090
338 10812  10014
339 10852  9920
340 10242  9829
341 10546  9739
342 10596  9644
343 10482  9557
344 10282  9458
345 8251  9378
346 10211  9271
347 9986  9182
348 10023  9091
349 9808  8987
350 9826  8893
351 9218  8794
352 9510  8693
353 9538  8594
354 9314  8499
355 9343  8390
356 8217  8307
357 9155  8204
358 9056  8120
359 8970  8017
360 8737  7919
361 8263  7818
362 8528  7708
363 8569  7613
364 8465  7507
365 8242  7408
366 66  7306
367 8179  7203
368 7950  7104
369 7968  7007
370 7750  6908
371 7783  6805
372 7183  6714
373 7456  6621
374 7507  6528
375 7412  6424
376 7186  6335
377 6711  6253
378 7125  6160
379 6915  6059
380 6964  5977
381 6864  5896
382 6791  5812
383 6195  5733
384 6626  5647
385 6406  5572
386 6466  5493
387 6400  5405
388 6194  5349
389 6244  5265
390 4644  5200
391 6117  5125
392 5891  5057
393 5979  4997
394 5912  4925
395 5850  4881
396 5660  4810
397 5715  4739
398 5169  4695
399 5603  4640
400 5552  4586
401 5510  4541
402 5470  4487
403 5416  4450
404 5374  4399
405 5328  4356
406 5310  4321
407 5234  4287
408 5216  4264
409 5195  4216
410 5152  4196
411 4102  4169
412 5106  4126
413 5090  4127
414 5068  4100
415 5028  4086
416 5028  4068
417 5015  4058
418 4872  4050
419 4986  4036
420 4976  4041
421 4868  4035
422 4964  4036
423 4988  4043
424 4978  4038
425 4998  4056
426 4994  4064
427 5020  4070
428 5024  4098
429 5053  4110
430 5051  4132
431 5074  4155
432 4467  4182
433 5122  4218
434 5163  4230
435 5192  4271
436 5231  4304
437 5240  4331
438 5280  4387
439 5335  4423
440 5236  4467
441 5413  4517
442 5461  4555
443 5508  4616
444 5556  4664
445 5607  4727
446 5669  4777
447 5717  4840
448 5779  4905
449 5844  4968
450 5910  5029
451 5973  5099
452 6021  5164
453 4563  5237
454 6181  5301
455 6242  5376
456 6306  5454
457 6386  5529
458 6478  5612
459 6533  5694
460 6483  5776
461 6704  5857
462 6791  5935
463 6737  6035
464 6961  6112
465 7055  6206
466 6613  6298
467 7216  6383
468 7308  6474
469 7406  6566
470 7490  6674
471 7458  6765
472 7688  6860
473 7788  6957
474 7864  7072
475 7954  7162
476 8064  7256
477 1506  7367
478 8270  7462
479 8238  7562
480 8455  7656
481 8560  7767
482 8658  7857
483 8756  7963
484 8868  8057
485 8946  8162
486 9048  8257
487 8508  8346
488 9245  8450
489 9333  8549
490 9303  8650
491 9543  8744
492 9508  8846
493 9730  8940
494 9832  9035
495 9800  9139
496 10030  9233
497 10107  9327
498 8548  9418
499 10304  9516
500 10258  9604
