1 0  0
2 5788  6109
3 5700  6046
4 5681  5990
5 5365  5676
6 5553  5865
7 5511  5824
8 5463  5767
9 5388  5723
10 5373  5666
11 5333  5624
12 5253  5585
13 5252  5530
14 5212  5503
15 5185  5465
16 5159  5432
17 5120  5147
18 5096  5374
19 5073  5346
20 5041  5317
21 5035  5301
22 5013  5277
23 5000  5256
24 4988  5254
25 4972  5232
26 4970  5220
27 4957  5210
28 4932  5203
29 4956  5206
30 4956  5201
31 4939  5197
32 4976  5216
33 4989  5224
34 4992  5241
35 5016  5244
36 5005  5262
37 5048  5283
38 5078  5288
39 5068  5326
40 5125  5347
41 5162  5378
42 5188  5409
43 5220  5433
44 5249  5470
45 5297  5505
46 5341  5540
47 5376  5590
48 5430  5630
49 5474  5678
50 5526  5729
51 5568  5771
52 5625  5833
53 5688  5883
54 5744  5943
55 5805  5998
56 5865  6049
57 5930  6123
58 5997  6184
59 6060  6255
60 6133  6315
61 4157  6386
62 6277  6462
63 6352  6524
64 6422  6609
65 6470  6685
66 6579  6766
67 6658  6845
68 6742  6924
69 6787  7002
70 6918  7087
71 7005  7184
72 7060  7262
73 7181  7348
74 7267  7442
75 7362  7541
76 7451  7617
77 7547  7717
78 7639  7809
79 7739  7908
80 7830  8006
81 7922  8091
82 8025  8207
83 8092  8301
84 32  8401
85 8325  8505
86 8417  8602
87 8523  8708
88 8591  8801
89 8726  8912
90 8818  9009
91 8914  9105
92 9012  9206
93 9109  9305
94 9205  9392
95 9297  9491
96 9403  9590
97 9503  9685
98 9602  9791
99 9701  9887
100 9797  9989
101 9896  10076
102 9989  10174
103 10086  10274
104 10186  10367
105 8197  10461
106 10369  10544
107 10465  10645
108 10553  10747
109 10640  10832
110 10737  10923
111 10312  11014
112 10884  11100
113 10992  11186
114 11084  11280
115 11165  11361
116 11208  11442
117 11327  11526
118 11399  11607
119 11478  11676
120 11522  11760
121 11627  11839
122 11697  11906
123 11761  11986
124 11325  12053
125 11897  12132
126 11968  12188
127 12031  12255
128 12082  12318
129 12150  12374
130 12194  12441
131 12258  12488
132 8216  12546
133 12317  12605
134 12404  12652
135 12448  12702
136 12489  12747
137 12533  12790
138 12560  12838
139 12608  12874
140 12640  12911
141 12668  12941
142 12705  12975
143 12724  13007
144 12752  13024
145 12747  13058
146 12796  13081
147 12817  13100
148 12825  13119
149 12804  13128
150 12844  13153
151 12861  13151
152 12865  13161
153 12861  13169
154 12865  13161
155 12861  13172
156 12853  13158
157 12849  13156
158 12842  13152
159 12827  13136
160 12809  13128
161 12541  13109
162 12776  13094
163 12742  13075
164 12727  13052
165 12688  13031
166 12665  12996
167 12637  12967
168 12593  12944
169 12565  12895
170 12493  12861
171 12485  12819
172 12444  12779
173 12361  12740
174 12353  12693
175 12292  12650
176 10198  12589
177 12165  12535
178 12132  12488
179 12081  12423
180 12020  12370
181 11953  12300
182 11888  12244
183 11825  12184
184 11761  12109
185 11687  11781
186 11603  11973
187 11538  11895
188 11462  11817
189 11391  11743
190 11310  11667
191 11230  11330
192 11150  11508
193 11066  11427
194 10985  11339
195 10889  11257
196 10805  11177
197 10468  11087
198 10627  10995
199 10536  10907
200 10441  10825
201 10316  10719
202 10256  10632
203 9102  10280
204 9984  10440
205 9969  10346
206 9872  8198
207 9780  10158
208 9425  10064
209 9585  9971
210 9480  9867
211 9351  9775
212 9285  9672
213 9152  9571
214 9096  9220
215 9001  9385
216 8906  9289
217 8811  9194
218 8447  9095
219 8610  8734
220 8510  8892
221 8399  8794
222 8301  8684
223 8200  8587
224 1960  8223
225 7940  8389
226 7909  8277
227 7813  8182
228 7712  8085
229 7616  7733
230 7528  7889
231 7429  7783
232 7344  7185
233 7249  7605
234 7157  7262
235 7068  7422
236 6984  7337
237 6901  7249
238 6812  7152
239 6728  7081
240 6384  6986
241 6559  6656
242 6483  6828
243 6406  6748
244 6335  6157
245 6198  6595
246 6191  6522
247 6114  6197
248 6053  6372
249 5984  6310
250 5921  6242
251 5849  4125
252 5789  6110
253 5707  6047
254 5678  5996
255 5618  5673
256 5567  5867
257 5505  5824
258 5461  5759
259 5378  5720
260 5369  5668
261 5332  5623
262 5248  5577
263 5245  5528
264 5209  5501
265 5180  5459
266 5153  5431
267 5120  5145
268 5096  5367
269 5070  5337
270 5046  5315
271 5035  5299
272 5012  5276
273 4997  5256
274 4984  5252
275 4973  5233
276 4965  5222
277 4959  5216
278 4937  5207
279 4960  5210
280 4961  5203
281 4971  5202
282 4980  5219
283 4993  5223
284 5000  5242
285 5017  5245
286 5001  5261
287 5053  5284
288 5077  5288
289 5105  5328
290 5132  5344
291 5161  5377
292 5185  5411
293 5221  5428
294 5253  5464
295 5294  5505
296 5339  5547
297 5382  5584
298 5430  5630
299 5471  5685
300 5525  5729
301 5572  5771
302 5628  5828
303 5689  5884
304 5741  5940
305 5800  5997
306 5866  6049
307 5925  6120
308 5996  6180
309 6063  6253
310 6131  6317
311 4161  6389
312 6269  6468
313 6353  6525
314 6420  6608
315 6467  6680
316 6582  6760
317 6661  6841
318 6737  6924
319 6796  7005
320 6916  7089
321 6993  7173
322 6961  7261
323 7180  7353
324 7268  7437
325 7356  7541
326 7450  7622
327 7550  7717
328 7641  7815
329 7732  7910
330 7825  8005
331 7921  8093
332 8024  8205
333 8126  8304
334 30  8399
335 8321  8502
336 8421  8602
337 8524  8707
338 8624  8802
339 8724  8910
340 8818  9012
341 8917  9110
342 9009  9206
343 9110  9307
344 9209  9397
345 9305  9489
346 9404  9593
347 9500  9686
348 9601  9789
349 9703  9885
350 9281  9991
351 9900  10080
352 9993  10177
353 10093  10277
354 10185  10372
355 8198  10461
356 10369  10547
357 10461  10647
358 10524  10749
359 10652  10833
360 10739  10918
361 10827  11018
362 10911  11105
363 10966  11187
364 11084  11277
365 11036  11359
366 11248  11441
367 11328  11524
368 11405  11606
369 11480  11682
370 11524  11762
371 11625  11836
372 11704  11914
373 11761  11992
374 11840  12056
375 11901  12135
376 11968  12189
377 12029  10211
378 12084  12323
379 12145  12375
380 12197  12441
381 12257  12484
382 8213  12546
383 12348  12603
384 12411  12652
385 12446  12702
386 12492  12744
387 12528  12787
388 12568  12829
389 12612  12871
390 12642  12912
391 12670  12943
392 12710  12974
393 12729  13006
394 12761  13027
395 12749  13059
396 12785  13078
397 12812  13098
398 12825  13119
399 12808  13127
400 12844  13152
401 12860  13150
402 12868  13159
403 12865  13168
404 12872  13168
405 12860  13172
406 12856  13155
407 12845  13156
408 12838  13158
409 12824  13140
410 12805  13133
411 12540  13114
412 12772  13093
413 12746  13072
414 12724  13053
415 12693  13030
416 12665  12998
417 12639  12970
418 12598  12942
419 12565  12900
420 12493  12868
421 12484  12823
422 12433  12780
423 12356  12737
424 12349  12691
425 12294  12654
426 10199  12590
427 12164  12535
428 12129  12484
429 12072  12423
430 12017  12368
431 11953  12294
432 11896  12242
433 11824  12178
434 11496  12108
435 11685  12040
436 11549  11975
437 11541  11896
438 11457  11819
439 11391  11741
440 11309  11669
441 11232  11593
442 11152  11508
443 11065  11428
444 10988  11339
445 10885  11259
446 10801  11175
447 10721  11086
448 10628  10996
449 10536  10907
450 10445  10826
451 10317  10723
452 10260  10634
453 9109  10538
454 10068  10442
455 9941  10351
456 9875  10250
457 9780  10160
458 9429  10070
459 9584  9974
460 9488  9873
461 9352  9776
462 9217  9677
463 9157  9574
464 9093  9225
465 9000  9384
466 8901  9290
467 8805  9194
468 8709  9101
469 8609  8993
470 8505  8892
471 8400  8790
472 8305  8684
473 8201  8583
474 1932  8227
475 7944  8390
476 7911  8280
477 7814  8178
478 7717  8087
479 7620  7732
480 7521  7894
481 7430  7783
482 7341  7701
483 7168  7606
484 7157  7262
485 7072  7423
486 6984  7336
487 6896  7246
488 6810  7150
489 6729  7077
490 6392  6988
491 6568  6912
492 6489  6830
493 6412  6749
494 6333  6153
495 6266  6594
496 6188  6520
497 6116  6196
498 6049  6377
499 5979  6305
500 5888  6245
