1 0 0
2 12450 11704
3 12596 11780
4 12603 11847
5 12721 11884
6 12710 11947
7 12820 11986
8 12838 12011
9 12864 12028
10 12882 12028
11 12864 12030
12 12802 12010
13 12834 11992
14 12819 11960
15 12704 11914
16 12728 11856
17 12599 11799
18 12342 11720
19 12448 11641
20 12435 11548
21 12338 11448
22 12230 11339
23 11859 11220
24 12001 11107
25 11875 10964
26 11740 10826
27 11526 10675
28 11441 10514
29 11281 10358
30 10870 10177
31 10880 10018
32 10786 9847
33 10273 9667
34 10417 9472
35 10150 9288
36 9776 9095
37 9777 8899
38 9384 8710
39 9386 8515
40 9258 8319
41 8747 8127
42 8873 7929
43 8607 7714
44 8193 7508
45 8259 7312
46 7798 7104
47 7874 6910
48 7664 6719
49 7170 6532
50 7298 6340
51 7058 6158
52 6694 5981
53 6772 5821
54 6544 5648
55 6192 5472
56 6304 5346
57 4098 5201
58 5762 5069
59 5819 4923
60 5761 4812
61 5651 4697
62 5538 4575
63 5184 4496
64 5280 4397
65 5269 4320
66 5122 4256
67 5136 4190
68 5020 4139
69 5036 4096
70 4992 4074
71 4977 4052
72 4962 4028
73 4960 4039
74 4962 4048
75 4918 4059
76 5000 4092
77 5034 4123
78 4767 4183
79 5133 4229
80 5134 4284
81 5268 4384
82 5351 4457
83 5378 4557
84 5536 4661
85 5648 4772
86 5767 4901
87 5888 5015
88 5760 5161
89 6161 5298
90 6305 5452
91 6456 5605
92 6362 5767
93 6712 5933
94 6954 6112
95 6810 6296
96 7306 6476
97 7170 6668
98 7683 6861
99 7815 7070
100 7809 7262
101 8193 7461
102 8469 7660
103 8342 7857
104 8860 8052
105 8730 8242
106 9256 8453
107 9382 8653
108 9395 8857
109 9786 9041
110 10044 9238
111 9908 9427
112 10416 9608
113 10274 9793
114 10784 9971
115 10962 10151
116 10812 10318
117 11286 10481
118 11444 10631
119 11594 10786
120 11480 10931
121 11866 11063
122 12010 11191
123 12121 11310
124 11906 11435
125 12338 11521
126 12432 11617
127 12464 11702
128 12594 11776
129 12673 11846
130 12720 11888
131 12452 11945
132 12818 11984
133 12841 12012
134 12872 12024
135 12868 12030
136 12866 12025
137 12802 12014
138 12834 11990
139 12818 11961
140 12706 11915
141 12720 11858
142 12675 11795
143 12343 11722
144 12460 11642
145 12418 11549
146 12338 11451
147 12240 11338
148 11860 11223
149 12000 11109
150 11874 10959
151 11747 10825
152 11267 10676
153 11440 10518
154 11286 10359
155 10865 10175
156 10888 10018
157 10772 9842
158 10274 9661
159 8368 9476
160 10162 9288
161 9778 9094
162 9778 8899
163 9391 8710
164 9380 8514
165 9254 8318
166 8746 8122
167 8864 7931
168 8608 7716
169 8211 7507
170 8193 7314
171 7809 7106
172 7811 6914
173 7680 6722
174 7172 6532
175 7298 6339
176 7058 6159
177 6695 5984
178 6773 5820
179 6545 5652
180 6192 5477
181 6304 5341
182 4098 5199
183 5762 5066
184 5808 4931
185 5763 4802
186 5651 4697
187 5538 4569
188 5188 4493
189 5282 4395
190 5275 4318
191 5134 4251
192 5132 4184
193 5022 4139
194 5038 4094
195 4998 4069
196 4977 4050
197 4961 4027
198 4963 4037
199 4962 4045
200 4976 4056
201 5002 4095
202 5038 4121
203 4752 4180
204 5136 4232
205 5139 4281
206 5267 4373
207 5347 4461
208 5377 4558
209 5538 4654
210 5648 4771
211 5769 4901
212 5819 5012
213 5769 5164
214 6146 5293
215 6304 5449
216 6458 5604
217 6360 5766
218 6706 5937
219 6946 6114
220 6810 6300
221 7307 6478
222 7171 6664
223 7685 6863
224 7810 7070
225 7818 7259
226 8196 7465
227 8464 7662
228 8346 7856
229 8858 8052
230 8726 8241
231 9255 8451
232 9386 8654
233 9400 8853
234 9786 9044
235 10044 9237
236 9910 9424
237 10420 9608
238 10278 9794
239 10786 9972
240 10960 10146
241 10813 10314
242 11285 10482
243 11440 10628
244 11600 10781
245 11474 10928
246 11878 11062
247 12009 11192
248 12123 11311
249 11907 11439
250 12336 11519
251 12432 11614
252 12448 11701
253 12592 11774
254 12602 11851
255 12729 11884
256 12449 11942
257 12820 11981
258 12832 12007
259 12866 12027
260 12878 12032
261 12868 12026
262 12806 12012
263 12834 11991
264 12817 11956
265 12705 11917
266 12727 11856
267 12595 11799
268 12338 11719
269 12450 11642
270 12438 11545
271 12334 11450
272 12235 11344
273 11858 11222
274 12002 11108
275 11874 10962
276 11742 10824
277 11276 10673
278 11430 10517
279 11286 10355
280 10866 10177
281 10890 10015
282 10778 9842
283 10273 9659
284 10416 9470
285 10162 9287
286 9778 9095
287 9778 8899
288 9387 8706
289 9376 8511
290 9250 8317
291 8745 8125
292 8879 7927
293 8607 7717
294 8200 7511
295 8266 7309
296 7795 7112
297 7875 6913
298 7615 6722
299 7226 6536
300 7304 6337
301 7043 6156
302 6688 5981
303 6768 5816
304 6547 5644
305 6197 5478
306 6300 5346
307 4106 5195
308 6016 5063
309 5632 4928
310 5760 4804
311 5648 4696
312 5542 4575
313 5186 4486
314 5352 4394
315 5272 4315
316 5134 4255
317 5130 4183
318 5016 4135
319 5032 4096
320 4994 4072
321 4977 4048
322 4960 4024
323 4960 4033
324 4962 4043
325 4980 4055
326 5006 4096
327 5038 4116
328 4752 4180
329 5136 4228
330 5128 4283
331 5272 4372
332 5346 4459
333 5382 4557
334 5536 4657
335 5648 4773
336 5761 4895
337 5874 5016
338 5760 5157
339 6160 5299
340 6306 5452
341 6456 5604
342 6361 5767
343 6714 5940
344 6954 6112
345 6802 6301
346 7316 6478
347 7176 6669
348 7688 6866
349 7818 7066
350 7816 7258
351 8192 7464
352 8466 7659
353 8346 7855
354 8856 8052
355 8724 8243
356 9254 8450
357 9380 8660
358 9392 8856
359 9786 9040
360 10042 9238
361 9910 9426
362 10418 9609
363 10282 9793
364 10784 9969
365 10962 10148
366 10812 10313
367 11284 10482
368 11443 10633
369 11601 10785
370 11475 10931
371 11875 11063
372 12011 11191
373 12122 11314
374 11908 11431
375 12336 11520
376 12435 11617
377 12451 11702
378 12594 11779
379 12672 11847
380 12726 11888
381 12454 11947
382 12820 11986
383 12833 12012
384 12864 12024
385 12874 12031
386 12808 12026
387 12862 12011
388 12832 11991
389 12818 11959
390 12711 11916
391 12720 11861
392 12672 11797
393 12339 11722
394 12458 11644
395 12426 11546
396 12335 11449
397 12232 11335
398 11856 11219
399 12001 11107
400 11875 10964
401 11746 10822
402 11266 10672
403 11443 10518
404 11283 10362
405 10866 10173
406 10892 10024
407 10778 9842
408 10274 9658
409 8368 9479
410 10146 9287
411 9778 9093
412 9776 8904
413 9390 8710
414 9386 8513
415 9257 8319
416 8750 8122
417 8876 7930
418 8598 7715
419 8213 7507
420 8192 7314
421 7808 7108
422 7867 6913
423 7667 6720
424 7170 6534
425 7300 6337
426 7058 6158
427 6690 5986
428 6770 5816
429 6548 5645
430 6194 5479
431 6304 5342
432 4114 5198
433 6018 5064
434 5634 4929
435 5768 4805
436 5638 4698
437 5540 4575
438 5190 4493
439 5287 4397
440 5267 4318
441 5136 4249
442 5138 4183
443 5017 4139
444 5036 4096
445 4998 4063
446 4976 4047
447 4962 4030
448 4946 4035
449 4960 4050
450 4920 4060
451 5000 4090
452 5034 4123
453 4755 4180
454 5139 4227
455 5129 4278
456 5265 4380
457 5344 4460
458 5386 4562
459 5268 4654
460 5648 4772
461 5762 4890
462 5888 5011
463 5760 5163
464 6160 5295
465 6304 5450
466 6456 5605
467 6361 5766
468 6716 5934
469 6944 6113
470 6819 6290
471 7315 6473
472 7168 6663
473 7680 6859
474 7815 7062
475 7820 7254
476 8196 7460
477 8468 7657
478 8342 7853
479 8860 8052
480 8726 8237
481 9250 8456
482 9392 8652
483 9396 8854
484 9782 9047
485 10042 9234
486 9906 9422
487 10418 9605
488 10274 9794
489 10790 9971
490 10954 10150
491 10810 10315
492 11283 10476
493 11444 10631
494 11594 10784
495 11475 10934
496 11873 11066
497 12003 11192
498 12118 11311
499 11918 11434
500 12324 11522
