1 0 0
2 1976 2199
3 1962 2205
4 1965 2204
5 1958 2200
6 1968 2179
7 1966 2196
8 1966 2197
9 1963 2203
10 1957 2202
11 1964 2195
12 1966 2204
13 1966 2198
14 1964 2204
15 1965 2199
16 1962 2203
17 1970 2197
18 1961 2200
19 1961 2202
20 1961 2194
21 1968 2197
22 1964 2190
23 1966 2201
24 1957 2202
25 1965 2202
26 1970 2194
27 1967 2200
28 1960 2205
29 1963 2204
30 1965 2195
31 1969 2176
32 1967 2199
33 1961 2202
34 1964 2201
35 1959 2198
36 1966 2198
37 1963 2202
38 1961 2203
39 1956 2200
40 1973 2199
41 1965 2205
42 1964 2201
43 1958 2200
44 1969 2199
45 1965 2196
46 1967 2200
47 1961 2197
48 1963 2201
49 1970 2197
50 1965 2202
51 1970 2198
52 1958 2200
53 1962 2205
54 1965 2198
55 1970 2195
56 1961 2175
57 1967 2206
58 1960 2191
59 1973 2197
60 1962 2201
61 1963 2202
62 1960 2203
63 1966 2199
64 1965 2191
65 1965 2201
66 1960 2203
67 1963 2200
68 1967 2196
69 1967 2203
70 1966 2200
71 1958 2200
72 1961 2191
73 1962 2198
74 1971 2198
75 1964 2197
76 1966 2200
77 1956 2196
78 1972 2202
79 1964 2201
80 1965 2202
81 1960 2177
82 1967 2198
83 1964 2199
84 1969 2199
85 1954 2200
86 1959 2201
87 1971 2196
88 1964 2199
89 1970 2202
90 1960 2201
91 1965 2204
92 1962 2201
93 1971 2198
94 1960 2202
95 1965 2205
96 1958 2197
97 1970 2191
98 1963 2202
99 1963 2202
100 1957 2201
101 1965 2208
102 1967 2196
103 1965 2208
104 1961 2202
105 1961 2201
106 1968 2170
107 1967 2202
108 1965 2201
109 1962 2204
110 1963 2201
111 1960 2201
112 1971 2197
113 1959 2200
114 1964 2201
115 1961 2200
116 1970 2199
117 1961 2200
118 1966 2198
119 1957 2199
120 1969 2204
121 1962 2199
122 1962 2194
123 1958 2205
124 1963 2203
125 1965 2197
126 1964 2202
127 1965 2200
128 1962 2209
129 1968 2199
130 1961 2199
131 1965 2172
132 1960 2202
133 1960 2201
134 1959 2201
135 1968 2197
136 1960 2202
137 1963 2203
138 1959 2200
139 1969 2195
140 1965 2198
141 1968 2205
142 1963 2204
143 1967 2202
144 1966 2194
145 1966 2206
146 1965 2201
147 1959 2196
148 1963 2199
149 1963 2201
150 1968 2199
151 1957 2199
152 1963 2203
153 1957 2202
154 1975 2200
155 1962 2198
156 1965 2179
157 1957 2202
158 1964 2203
159 1965 2196
160 1965 2202
161 1962 2202
162 1964 2202
163 1965 2196
164 1965 2204
165 1967 2199
166 1961 2204
167 1965 2202
168 1962 2196
169 1970 2199
170 1954 2204
171 1964 2201
172 1958 2191
173 1973 2199
174 1962 2199
175 1964 2207
176 1959 2203
177 1966 2200
178 1966 2202
179 1969 2201
180 1964 2202
181 1962 2180
182 1967 2194
183 1966 2201
184 1968 2196
185 1958 2201
186 1961 2201
187 1964 2201
188 1971 2195
189 1963 2202
190 1963 2203
191 1956 2199
192 1973 2198
193 1965 2199
194 1965 2204
195 1958 2198
196 1965 2198
197 1964 2191
198 1969 2202
199 1961 2201
200 1961 2203
201 1966 2194
202 1969 2199
203 1966 2202
204 1964 2204
205 1961 2199
206 1962 2179
207 1971 2196
208 1958 2199
209 1959 2202
210 1952 2200
211 1967 2200
212 1961 2201
213 1962 2202
214 1956 2199
215 1968 2199
216 1966 2200
217 1968 2201
218 1959 2200
219 1962 2201
220 1965 2198
221 1965 2201
222 1961 2191
223 1961 2202
224 1963 2197
225 1964 2203
226 1967 2201
227 1957 2202
228 1961 2203
229 1960 2199
230 1968 2198
231 1960 2178
232 1964 2203
233 1960 2200
234 1967 2199
235 1963 2200
236 1968 2201
237 1960 2206
238 1961 2199
239 1968 2192
240 1963 2202
241 1965 2202
242 1962 2201
243 1965 2199
244 1962 2198
245 1969 2199
246 1960 2201
247 1963 2197
248 1956 2198
249 1972 2202
250 1962 2201
251 1965 2201
252 1956 2202
253 1968 2206
254 1971 2196
255 1969 2202
256 1960 2176
257 1962 2200
258 1970 2196
259 1969 2203
260 1962 2204
261 1958 2199
262 1965 2199
263 1963 2198
264 1965 2195
265 1962 2201
266 1962 2206
267 1960 2199
268 1974 2196
269 1964 2200
270 1961 2202
271 1956 2198
272 1970 2191
273 1966 2199
274 1967 2201
275 1960 2200
276 1964 2207
277 1966 2193
278 1966 2207
279 1967 2200
280 1962 2202
281 1965 2169
282 1966 2196
283 1962 2198
284 1958 2202
285 1961 2203
286 1961 2195
287 1971 2199
288 1961 2197
289 1964 2202
290 1958 2199
291 1970 2199
292 1966 2200
293 1967 2202
294 1958 2203
295 1969 2200
296 1964 2199
297 1970 2193
298 1962 2200
299 1963 2203
300 1968 2193
301 1966 2199
302 1968 2195
303 1962 2206
304 1966 2199
305 1960 2196
306 1972 2173
307 1961 2199
308 1965 2202
309 1959 2198
310 1967 2199
311 1961 2199
312 1968 2202
313 1957 2196
314 1966 2200
315 1968 2202
316 1966 2203
317 1964 2200
318 1964 2202
319 1967 2198
320 1967 2203
321 1965 2199
322 1960 2194
323 1969 2199
324 1961 2199
325 1972 2196
326 1960 2196
327 1964 2198
328 1960 2201
329 1970 2194
330 1962 2198
331 1969 2175
332 1956 2203
333 1966 2197
334 1969 2199
335 1965 2204
336 1960 2206
337 1964 2201
338 1968 2195
339 1960 2209
340 1963 2199
341 1961 2206
342 1965 2199
343 1961 2202
344 1969 2202
345 1956 2206
346 1963 2205
347 1957 2191
348 1970 2198
349 1961 2202
350 1960 2198
351 1959 2200
352 1969 2202
353 1967 2206
354 1969 2205
355 1960 2203
356 1961 2179
357 1967 2192
358 1967 2202
359 1966 2200
360 1955 2203
361 1961 2198
362 1961 2201
363 1967 2194
364 1960 2206
365 1959 2202
366 1957 2205
367 1972 2196
368 1963 2201
369 1965 2200
370 1961 2204
371 1969 2197
372 1964 2193
373 1968 2199
374 1963 2202
375 1965 2202
376 1969 2195
377 1968 2201
378 1965 2206
379 1965 2205
380 1963 2198
381 1961 2176
382 1968 2195
383 1963 2198
384 1963 2203
385 1956 2198
386 1969 2196
387 1964 2202
388 1964 2200
389 1962 2200
390 1970 2202
391 1968 2202
392 1968 2199
393 1957 2204
394 1963 2200
395 1964 2200
396 1965 2200
397 1964 2195
398 1961 2204
399 1962 2195
400 1961 2200
401 1969 2200
402 1957 2200
403 1965 2210
404 1958 2196
405 1970 2195
406 1961 2170
407 1964 2202
408 1955 2197
409 1967 2200
410 1967 2201
411 1968 2201
412 1956 2204
413 1960 2199
414 1967 2190
415 1966 2201
416 1966 2202
417 1964 2201
418 1966 2200
419 1963 2201
420 1973 2196
421 1960 2201
422 1963 2198
423 1960 2199
424 1972 2196
425 1963 2200
426 1964 2209
427 1958 2198
428 1966 2201
429 1968 2198
430 1964 2197
431 1961 2178
432 1961 2201
433 1970 2196
434 1967 2203
435 1959 2198
436 1958 2200
437 1963 2203
438 1964 2198
439 1971 2198
440 1961 2199
441 1963 2206
442 1960 2198
443 1973 2196
444 1962 2202
445 1964 2205
446 1957 2203
447 1966 2194
448 1968 2198
449 1968 2201
450 1962 2203
451 1958 2203
452 1968 2196
453 1963 2202
454 1963 2199
455 1961 2202
456 1964 2171
457 1961 2205
458 1966 2194
459 1961 2201
460 1962 2201
461 1958 2197
462 1976 2199
463 1962 2201
464 1966 2201
465 1955 2201
466 1967 2203
467 1968 2198
468 1967 2200
469 1963 2200
470 1961 2201
471 1963 2196
472 1960 2198
473 1963 2200
474 1961 2205
475 1962 2200
476 1965 2200
477 1972 2197
478 1961 2208
479 1967 2206
480 1958 2197
481 1973 2172
482 1964 2199
483 1963 2202
484 1958 2201
485 1965 2201
486 1966 2195
487 1971 2200
488 1963 2198
489 1963 2200
490 1965 2197
491 1968 2206
492 1968 2199
493 1962 2200
494 1962 2198
495 1964 2202
496 1972 2198
497 1959 2193
498 1966 2202
499 1954 2199
500 1969 2198
